6 8
-1.366486 -1.779544 0.103880 0.617100 0.317164 -0.402552 1.017466 -0.066223 
1.582502 -0.426751 -0.396350 2.339989 1.769560 -0.456422 -1.605257 -2.319467 
-1.048403 1.047896 2.290311 1.537553 1.032681 1.227754 -1.541516 -0.393031 
-0.052941 1.746314 2.085320 0.147163 -1.479215 -2.704506 -1.291853 -1.012680 
-0.515384 -0.393398 -2.703679 1.684177 1.400025 -1.776390 -2.006623 -0.432819 
0.308158 -0.554769 -2.295583 -2.490598 1.658392 -2.268105 2.253705 1.914070 
4 7
-2.006169 -0.262317 0.729492 -1.108485 -0.255243 -1.069551 -1.089733 
-1.015309 0.634335 -2.582140 -1.433698 1.761546 -1.612368 -0.622995 
-1.719560 -1.558493 0.887582 -2.011959 -2.238011 0.557529 -1.303020 
2.469215 -2.118436 2.440172 1.459695 -1.105546 -1.144542 -1.160756 
1 5
1.480123 -1.879394 -2.245034 -0.141891 -0.130489 
