6 8
-2.266021 0.177664 1.760928 1.326726 -1.375325 2.672562 1.915110 0.000000 
-2.199993 1.270982 -1.475017 0.068714 0.575617 0.231175 -0.791292 0.000000 
0.328451 2.229561 -0.991090 -1.581452 -0.592852 -1.735733 -1.578830 0.000000 
-1.700046 0.361318 0.724654 -2.278081 2.226578 1.541204 1.194501 0.000000 
-2.011768 -2.018514 1.762775 -1.967290 0.946905 0.590876 0.769594 0.000000 
0.373375 0.125963 1.306565 1.971255 -0.574405 2.283277 -1.643540 0.000000 
4 7
0.739420 2.907003 -8.516983 -2.217126 1.694258 8.300264 2.480551 
-0.926931 0.182263 12.024549 0.450412 -4.314329 -7.675118 -3.000082 
2.126406 -0.195030 -5.364322 -0.812238 -0.996988 1.948048 1.132732 
1.072977 0.577363 -6.312943 0.382928 -1.634712 4.588464 0.276830 
1 5
-1.673746 4.093559 -5.932344 2.743252 2.395116 
