0.070192 0.036539 0.177938 -0.116399 -0.055641 -0.017703 0.143622 abhinavchdhry
-0.149039 0.032693 -0.291506 0.276122 -0.111320 0.153316 0.265497 abhinavchdhry
-0.064424 0.040385 0.031784 -0.043322 0.123469 -0.111329 -0.119105 abhinavchdhry
0.143269 -0.109615 0.081784 -0.116399 0.043493 -0.024283 -0.290014 abhinavchdhry
0.016346 0.683654 -0.296154 0.008654 -0.446960 -0.098348 0.665909 deepamjaiswal
0.116346 -0.035577 -0.023077 0.477885 -0.070892 0.021863 0.036818 deepamjaiswal
-0.025962 -0.627885 0.330770 -0.029808 0.450427 0.121979 -0.333182 deepamjaiswal
-0.106731 -0.020192 -0.011538 -0.456731 0.067426 -0.045493 -0.369546 deepamjaiswal
-0.078125 2.009375 0.087500 -0.167500 -0.610827 -0.005142 0.000000 kameshvedula
0.113542 -0.057292 -0.297500 0.392500 -0.059565 -0.049156 -0.000001 kameshvedula
-0.040625 -1.044792 0.237500 -0.287500 0.373065 0.065699 -0.000001 kameshvedula
0.005209 -0.907292 -0.027500 0.062500 0.297325 -0.011401 0.000000 kameshvedula
-0.155000 0.658750 0.030000 -0.526250 -0.326961 -0.043300 -0.086563 kaustavroy
-0.425000 -0.716250 -0.015000 1.233750 0.755029 -0.157608 0.550937 kaustavroy
0.355000 0.373750 0.130000 -2.431250 -0.446729 0.187403 -2.044063 kaustavroy
0.225000 -0.316250 -0.145000 1.723750 0.018662 0.013504 -17.833563 kaustavroy
0.539706 0.378677 0.002206 -0.183823 -0.678886 0.853362 -13.705262 preethachatterjee
-0.904412 0.405147 0.202206 -0.966176 0.393270 -0.349083 -10.417882 preethachatterjee
0.410294 -0.547794 -0.227206 0.369118 0.082702 -0.236397 2.685071 preethachatterjee
-0.045588 -0.236029 0.022794 0.780882 0.202914 -0.267884 2.305071 preethachatterjee
0.012500 -2.168269 0.035464 2.567081 1.497408 0.007223 0.417037 sachingangwar
0.089423 -0.633654 0.138178 -0.223643 -0.153702 0.085019 -0.149966 sachingangwar
-0.068270 4.024038 -0.038745 -1.092874 -1.517013 -0.036403 0.008715 sachingangwar
-0.033654 -1.222116 -0.134898 -1.250566 0.173308 -0.055839 -0.275785 sachingangwar
-0.353125 0.329167 -0.066666 0.389583 -0.256167 -0.101691 0.097250 sambitchttrj
-0.148958 0.479167 -0.291666 0.610416 -0.601762 -0.146652 0.831250 sambitchttrj
0.192709 -0.670833 0.308334 -0.506250 0.241873 0.170352 -0.495750 sambitchttrj
0.309375 -0.137500 0.050000 -0.493750 0.616057 0.077991 -0.432750 sambitchttrj
-0.353125 -2.420833 -0.066666 0.389583 -0.256167 -0.101691 0.097250 sambitchttrj
-0.148958 -2.270833 -0.291666 0.610416 -0.601762 -0.146652 0.831250 sambitchttrj
0.192709 -3.420833 0.308334 -0.506250 0.241873 0.170352 -0.495750 sambitchttrj
0.309375 8.112500 0.050000 -0.493750 0.616057 0.077991 -0.432750 sambitchttrj
