8

username abhinavchdhry
password abhinavchdhry
4
3.765385 2.342308 3.900000 2.176923 8.186398 2.721098 10.331818
3.546154 2.338462 3.430556 2.569444 8.130719 2.892117 10.453693
3.630769 2.346154 3.753846 2.250000 8.365508 2.627472 10.069091
3.838462 2.196154 3.803846 2.176923 8.285532 2.714518 9.898182

3.695193 2.305769 3.722062 2.293322 8.242039 2.738801 10.188196

username deepamjaiswal
password deepamjaiswal
4
5.596154 3.792308 5.061538 3.046154 5.325686 3.802066 9.275455
5.696154 3.073077 5.334615 3.515385 5.701754 3.922277 8.646364
5.553846 2.480769 5.688462 3.007692 6.223073 4.022393 8.276364
5.473077 3.088462 5.346154 2.580769 5.840072 3.854921 8.240000

5.579808 3.108654 5.357692 3.037500 5.772646 3.900414 8.609546

username kameshvedula
password sudhir1234
4
5.558333 7.900000 5.655000 6.780000 3.405573 4.157045 3.054200
5.750000 5.833333 5.270000 7.340000 3.956835 4.113031 3.054199
5.595833 4.845833 5.805000 6.660000 4.389465 4.227886 3.054199
5.641667 4.983333 5.540000 7.010000 4.313725 4.150786 3.054200

5.636458 5.890625 5.567500 6.947500 4.016400 4.162187 3.054200

username kaustavroy
password kaustavroy
4
4.825000 4.755000 5.020000 5.595000 5.219207 3.505640 18.768750
4.555000 3.380000 4.975000 7.355000 6.301197 3.391332 19.406250
5.335000 4.470000 5.120000 3.690000 5.099439 3.736343 16.811250
5.205000 3.780000 4.845000 7.845000 5.564830 3.562444 1.021750

4.980000 4.096250 4.990000 6.121250 5.546168 3.548940 18.855313

username preethachatterjee
password preethachatterjee
4
5.411765 3.458824 4.767647 4.176471 5.636605 4.671301 1.007000
3.967647 3.485294 4.967647 3.394118 6.708761 3.468856 4.294380
5.282353 2.532353 4.538235 4.729412 6.398193 3.581542 17.397333
4.826471 2.844118 4.788235 5.141176 6.518405 3.550055 17.017333

4.872059 3.080147 4.765441 4.360294 6.315491 3.817939 14.712262

username sachingangwar
password sachingangwar
4
4.192308 4.988462 4.258824 9.717647 6.284039 2.974700 1.978958
4.269231 6.523077 4.361538 6.926923 4.632929 3.052496 1.411955
4.111538 11.180769 4.184615 6.057692 3.269618 2.931074 1.570636
4.146154 5.934615 4.088462 5.900000 4.959939 2.911638 1.286136

4.179808 7.156731 4.223360 7.150566 4.786631 2.967477 1.561921

username sambitchttrj
password sambitchttrj
4
4.933333 2.050000 4.991667 2.337500 7.159905 3.666813 7.598000
5.137500 2.200000 4.766667 2.558333 6.814310 3.621852 8.332000
5.479167 1.050000 5.366667 1.441667 7.657945 3.938856 7.005000
5.595833 1.583333 5.108333 1.454167 8.032129 3.846495 7.068000

5.286458 1.720833 5.058333 1.947917 7.416072 3.768504 7.500750

username sambitchttrj
password sambitchttrj
4
4.933333 2.050000 4.991667 2.337500 7.159905 3.666813 7.598000
5.137500 2.200000 4.766667 2.558333 6.814310 3.621852 8.332000
5.479167 1.050000 5.366667 1.441667 7.657945 3.938856 7.005000
5.595833 12.583333 5.108333 1.454167 8.032129 3.846495 7.068000

5.286458 4.470833 5.058333 1.947917 7.416072 3.768504 7.500750

