4.933333 2.050000 4.991667 2.337500 7.159905 3.666813 7.598000 0
5.137500 2.200000 4.766667 2.558333 6.814310 3.621852 8.332000 0
5.479167 1.050000 5.366667 1.441667 7.657945 3.938856 7.005000 0
5.595833 1.583333 5.108333 1.454167 8.032129 3.846495 7.068000 0
5.558333 7.900000 5.655000 6.780000 3.405573 4.157045 3.054200 1
5.750000 5.833333 5.270000 7.340000 3.956835 4.113031 3.054199 1
5.595833 4.845833 5.805000 6.660000 4.389465 4.227886 3.054199 1
5.641667 4.983333 5.540000 7.010000 4.313725 4.150786 3.054200 1
4.192308 4.988462 4.258824 9.717647 6.284039 2.974700 39.579167 1
4.269231 6.523077 4.361538 6.926923 4.632929 3.052496 28.239091 1
4.111538 11.180769 4.184615 6.057692 3.269618 2.931074 31.412727 1
4.146154 5.934615 4.088462 5.900000 4.959939 2.911638 25.722727 1
